------- data ------ --------------------- load -------------------- - child -
keys       mem      clients blocked requests            connections          
9999       3.42M    11      0       1542153 (+0)        1953        
9998       3.69M    31      0       1546253 (+4100)     1973        
9598       5.32M    133     2       1555622 (+9369)     2075        SAVE
6322       5.43M    150     26      1572594 (+16972)    2092        
3469       4.06M    153     0       1587441 (+14847)    2095        
1263       3.85M    157     21      1598799 (+11358)    2099        
322        3.79M    157     0       1603734 (+4935)     2099        
322        3.73M    157     0       1603746 (+12)       2099        
322        3.73M    157     0       1603757 (+11)       2099        
322        3.73M    157     0       1604080 (+323)      2099        
322        3.72M    157     0       1604091 (+11)       2099        
322        3.72M    157     0       1604103 (+12)       2099        
322        3.72M    157     0       1604113 (+10)       2099        
322        3.72M    157     0       1604125 (+12)       2099        
322        3.68M    143     0       1604137 (+12)       2099        
322        3.64M    125     0       1604150 (+13)       2099        
322        3.40M    34      0       1604162 (+12)       2099        
322        3.40M    34      0       1604174 (+12)       2099        
322        3.40M    34      0       1604184 (+10)       2099        
^C