------- data ------ --------------------- load -------------------- - child -
keys       mem      clients blocked requests            connections          
10000      3.26M    8       0       721093 (+0)         1095        
10000      3.24M    8       0       721102 (+9)         1095        
7884       5.34M    135     12      737820 (+16718)     1222        
4588       4.58M    141     0       754764 (+16944)     1228        
2253       4.39M    182     1       766821 (+12057)     1269        
382        4.26M    182     0       776613 (+9792)      1269        
331        3.78M    182     0       776883 (+270)       1269        
331        3.66M    182     0       776892 (+9)         1269        
331        3.65M    182     0       776900 (+8)         1269        
331        3.65M    182     0       776909 (+9)         1269        
331        3.65M    182     0       776917 (+8)         1269        
331        3.65M    182     0       776926 (+9)         1269        
331        3.65M    182     0       776934 (+8)         1269        
331        3.63M    177     0       776943 (+9)         1269        
331        3.53M    137     0       776953 (+10)        1269        
331        3.32M    59      0       776962 (+9)         1269        
331        3.19M    8       0       776971 (+9)         1269        
331        3.19M    8       0       776980 (+9)         1269        
331        3.19M    8       0       776988 (+8)         1269        
^C